NG,123.1,OK,129.3,NG,123.7
